<hiearchy name>art</hiearchy name>
<hiearchy number>1</hiearchy number>
<hiearchy vector>[ 0.          0.          0.          0.          0.04737977  0.01290759
  0.          0.          0.04354837  0.          0.          0.          0.
  0.0223252   0.          0.          0.          0.          0.          0.
  0.          0.          0.          0.          0.          0.          0.
  0.          0.          0.          0.          0.          0.          0.
  0.01989213  0.          0.          0.          0.          0.          0.
  0.01108397  0.01016183  0.          0.          0.          0.27488708
  0.          0.          0.          0.01389887  0.          0.          0.
  0.          0.          0.          0.          0.          0.
  0.32666983  0.          0.          0.          0.          0.          0.
  0.          0.07137045  0.          0.          0.          0.01414736
  0.          0.02496454]</hiearchy vector><spliter>
<hiearchy name>business</hiearchy name>
<hiearchy number>2</hiearchy number>
<hiearchy vector>[ 0.          0.          0.          0.          0.01335929  0.          0.
  0.0540714   0.01543799  0.          0.          0.          0.          0.
  0.          0.          0.          0.          0.          0.          0.
  0.          0.          0.          0.          0.          0.          0.
  0.          0.0253272   0.          0.          0.02827197  0.01465477
  0.          0.          0.          0.26015847  0.          0.
  0.02744214  0.          0.03436805  0.          0.          0.
  0.02633518  0.          0.          0.          0.09093367  0.08558738
  0.          0.05178262  0.          0.01106044  0.          0.          0.
  0.          0.          0.          0.06009071  0.          0.          0.
  0.05956263  0.          0.02068172  0.          0.01104533  0.
  0.01666384  0.01174996  0.        ]</hiearchy vector><spliter>
<hiearchy name>economics</hiearchy name>
<hiearchy number>3</hiearchy number>
<hiearchy vector>[ 0.          0.          0.          0.          0.02696212  0.          0.
  0.          0.04897294  0.          0.          0.          0.          0.
  0.          0.01110376  0.          0.          0.          0.          0.
  0.          0.          0.          0.          0.          0.          0.
  0.          0.01568853  0.          0.          0.          0.          0.
  0.          0.          0.          0.          0.          0.01156443
  0.01645738  0.02975415  0.          0.2765634   0.          0.08633957
  0.01741971  0.          0.          0.04508661  0.04407502  0.
  0.02071328  0.          0.04977335  0.          0.          0.          0.
  0.          0.          0.08162385  0.          0.          0.
  0.01156331  0.          0.04588955  0.          0.          0.          0.
  0.          0.07945672]</hiearchy vector><spliter>
<hiearchy name>food</hiearchy name>
<hiearchy number>4</hiearchy number>
<hiearchy vector>[ 0.          0.          0.          0.          0.03148001  0.          0.
  0.          0.          0.          0.          0.          0.28488419
  0.          0.          0.          0.          0.          0.          0.
  0.          0.          0.          0.          0.          0.          0.
  0.          0.          0.02436113  0.          0.          0.          0.
  0.          0.          0.          0.          0.          0.          0.
  0.          0.06049233  0.          0.02387509  0.          0.03417597
  0.          0.          0.          0.02986651  0.          0.          0.
  0.          0.13959969  0.          0.          0.          0.          0.
  0.          0.          0.          0.04221452  0.          0.          0.
  0.06330476  0.          0.04338004  0.          0.11954709  0.          0.        ]</hiearchy vector><spliter>
<hiearchy name>health</hiearchy name>
<hiearchy number>5</hiearchy number>
<hiearchy vector>[ 0.          0.          0.          0.          0.01553216  0.01230547
  0.          0.          0.01891567  0.          0.          0.01600211
  0.          0.          0.          0.          0.          0.          0.
  0.          0.          0.01927705  0.          0.          0.01254768
  0.          0.          0.01240635  0.          0.          0.          0.
  0.01926658  0.          0.          0.          0.          0.          0.
  0.          0.          0.          0.02039254  0.          0.01125864
  0.          0.04228766  0.          0.          0.          0.05319338
  0.          0.          0.02857689  0.          0.          0.          0.
  0.          0.          0.          0.          0.          0.          0.
  0.          0.          0.          0.1060994   0.          0.          0.
  0.55232203  0.          0.        ]</hiearchy vector><spliter>
<hiearchy name>history</hiearchy name>
<hiearchy number>6</hiearchy number>
<hiearchy vector>[ 0.          0.          0.          0.          0.02975896  0.01025069
  0.          0.          0.11928032  0.          0.          0.          0.
  0.          0.          0.03018865  0.          0.          0.          0.
  0.          0.          0.          0.          0.          0.          0.
  0.          0.          0.          0.          0.          0.          0.
  0.          0.          0.          0.          0.          0.          0.
  0.04847663  0.          0.          0.          0.          0.09769813
  0.          0.          0.          0.          0.          0.          0.
  0.          0.          0.          0.          0.          0.
  0.02020757  0.          0.          0.          0.          0.          0.
  0.          0.43150739  0.          0.          0.          0.          0.
  0.11723454]</hiearchy vector><spliter>
<hiearchy name>law</hiearchy name>
<hiearchy number>7</hiearchy number>
<hiearchy vector>[ 0.          0.          0.03915578  0.          0.          0.          0.
  0.35007818  0.03369205  0.          0.          0.          0.          0.
  0.          0.          0.          0.          0.          0.          0.
  0.          0.          0.          0.01858833  0.          0.          0.
  0.          0.0182461   0.          0.          0.01073053  0.          0.
  0.          0.          0.02175838  0.          0.          0.          0.
  0.01051093  0.          0.          0.          0.0738615   0.          0.
  0.          0.0778072   0.01312768  0.          0.02079523  0.          0.
  0.          0.          0.          0.          0.          0.          0.0182666
  0.01226153  0.          0.          0.          0.          0.15699961
  0.          0.          0.          0.          0.          0.        ]</hiearchy vector><spliter>
<hiearchy name>movie</hiearchy name>
<hiearchy number>8</hiearchy number>
<hiearchy vector>[ 0.          0.          0.          0.          0.14934858  0.02162553
  0.          0.01888434  0.01751675  0.          0.          0.          0.
  0.05368108  0.          0.          0.          0.          0.          0.
  0.          0.          0.          0.          0.          0.          0.
  0.          0.          0.          0.          0.          0.          0.
  0.01745923  0.          0.          0.          0.          0.          0.
  0.          0.06287038  0.40281178  0.          0.          0.07843032
  0.          0.          0.          0.0154689   0.          0.          0.
  0.          0.          0.          0.          0.          0.          0.0287622
  0.          0.          0.          0.          0.          0.          0.
  0.03001825  0.          0.          0.          0.          0.
  0.01720639]</hiearchy vector><spliter>
<hiearchy name>politics</hiearchy name>
<hiearchy number>9</hiearchy number>
<hiearchy vector>[ 0.          0.          0.20956967  0.          0.01099957  0.01476974
  0.          0.0310207   0.06476451  0.          0.          0.          0.
  0.01295736  0.          0.          0.          0.          0.          0.
  0.          0.          0.          0.          0.          0.          0.
  0.          0.          0.01327926  0.          0.          0.01626929
  0.          0.          0.          0.          0.01204896  0.01492509
  0.          0.          0.          0.          0.          0.01012203
  0.          0.04939725  0.          0.          0.          0.09437897
  0.          0.          0.          0.          0.          0.          0.
  0.          0.          0.          0.          0.          0.          0.
  0.          0.          0.          0.34000782  0.          0.          0.
  0.          0.          0.04139491]</hiearchy vector><spliter>
<hiearchy name>science</hiearchy name>
<hiearchy number>10</hiearchy number>
<hiearchy vector>[ 0.          0.          0.          0.          0.04960131  0.01200425
  0.          0.01131018  0.05660863  0.          0.          0.          0.
  0.          0.          0.01222438  0.          0.          0.          0.
  0.          0.          0.          0.          0.          0.          0.
  0.          0.          0.          0.          0.          0.          0.
  0.01289156  0.          0.          0.          0.          0.          0.
  0.03641253  0.02785972  0.          0.01000418  0.          0.21592645
  0.01790907  0.          0.          0.02628591  0.          0.          0.
  0.          0.          0.          0.          0.          0.
  0.01014415  0.          0.          0.          0.          0.          0.
  0.          0.08291037  0.          0.          0.          0.02399664
  0.          0.30346051]</hiearchy vector><spliter>
<hiearchy name>sport</hiearchy name>
<hiearchy number>11</hiearchy number>
<hiearchy vector>[ 0.          0.          0.01684965  0.          0.04037288  0.          0.
  0.01478995  0.          0.          0.01329953  0.          0.          0.
  0.          0.          0.          0.          0.          0.          0.
  0.01378595  0.          0.          0.          0.          0.          0.
  0.          0.          0.          0.          0.02439554  0.          0.
  0.07278511  0.          0.          0.          0.01943931  0.          0.
  0.03615492  0.          0.02056907  0.          0.10529357  0.          0.
  0.05320771  0.04199434  0.          0.          0.          0.          0.
  0.          0.31956312  0.01497478  0.          0.          0.          0.
  0.          0.          0.01107686  0.          0.          0.07809148
  0.          0.          0.          0.02665817  0.          0.        ]</hiearchy vector><spliter>
<hiearchy name>technology</hiearchy name>
<hiearchy number>12</hiearchy number>
<hiearchy vector>[ 0.          0.          0.          0.          0.03014889  0.          0.0476405
  0.          0.04484497  0.          0.          0.          0.          0.
  0.          0.          0.          0.          0.          0.          0.
  0.          0.          0.          0.          0.          0.          0.
  0.          0.          0.          0.          0.          0.          0.
  0.          0.          0.          0.01142865  0.          0.          0.
  0.23253063  0.          0.02047388  0.          0.12262709  0.04017635
  0.          0.          0.          0.          0.          0.02145053
  0.          0.01401233  0.          0.          0.          0.
  0.02121776  0.          0.01294968  0.          0.01023078  0.          0.
  0.          0.14085045  0.          0.          0.          0.02266406
  0.          0.10666111]</hiearchy vector><spliter>
