<hiearchy name>art</hiearchy name>
<hiearchy number>1</hiearchy number>
<hiearchy vector>[ 0.03264804  0.          0.          0.          0.          0.          0.
  0.          0.          0.          0.02436919  0.          0.          0.
  0.          0.          0.          0.          0.          0.          0.
  0.01216601  0.          0.          0.          0.          0.          0.
  0.          0.01464443  0.          0.          0.          0.          0.
  0.          0.          0.          0.          0.          0.          0.
  0.          0.          0.          0.          0.          0.          0.2529195
  0.          0.          0.01011628  0.          0.01363959  0.          0.
  0.          0.          0.          0.          0.          0.          0.
  0.          0.          0.          0.          0.          0.          0.
  0.          0.          0.          0.          0.          0.          0.
  0.          0.          0.          0.          0.          0.          0.
  0.          0.          0.          0.          0.          0.          0.
  0.          0.          0.          0.          0.          0.          0.
  0.          0.          0.0208792   0.          0.          0.          0.
  0.          0.          0.          0.          0.          0.          0.
  0.01436253  0.          0.          0.          0.          0.          0.
  0.          0.          0.          0.          0.          0.          0.
  0.          0.          0.          0.          0.          0.          0.
  0.          0.          0.          0.          0.          0.          0.
  0.          0.          0.          0.          0.          0.          0.
  0.          0.          0.          0.          0.          0.          0.
  0.05708008  0.          0.          0.          0.          0.          0.
  0.          0.          0.          0.          0.          0.          0.
  0.          0.          0.          0.          0.          0.          0.
  0.          0.          0.          0.          0.          0.          0.
  0.          0.          0.          0.25538223  0.          0.          0.
  0.          0.          0.01061331  0.          0.          0.          0.
  0.          0.          0.          0.          0.          0.          0.0614053
  0.          0.          0.          0.          0.          0.          0.
  0.          0.          0.          0.          0.          0.          0.
  0.          0.          0.          0.          0.          0.          0.
  0.        ]</hiearchy vector><spliter>
<hiearchy name>business</hiearchy name>
<hiearchy number>2</hiearchy number>
<hiearchy vector>[ 0.          0.          0.          0.          0.          0.          0.
  0.          0.          0.          0.          0.          0.          0.
  0.          0.          0.          0.          0.          0.          0.
  0.          0.          0.          0.01916725  0.          0.          0.
  0.          0.          0.          0.          0.          0.          0.
  0.          0.          0.          0.          0.          0.          0.
  0.11481166  0.          0.          0.          0.          0.
  0.02661476  0.          0.          0.0703806   0.          0.
  0.01454554  0.          0.          0.          0.          0.          0.
  0.14767563  0.          0.          0.          0.          0.          0.
  0.          0.01424418  0.          0.          0.          0.          0.
  0.          0.01851172  0.          0.04543092  0.          0.          0.
  0.          0.          0.          0.          0.          0.          0.
  0.          0.          0.          0.          0.          0.          0.
  0.          0.          0.          0.0219989   0.          0.          0.
  0.          0.          0.          0.0102236   0.          0.          0.
  0.          0.          0.1277479   0.          0.          0.          0.
  0.          0.          0.          0.          0.          0.          0.
  0.          0.          0.          0.          0.          0.          0.
  0.          0.          0.          0.          0.          0.          0.
  0.          0.          0.          0.          0.          0.
  0.01043199  0.          0.          0.          0.          0.          0.
  0.          0.          0.          0.          0.          0.06325269
  0.          0.          0.          0.01473089  0.          0.          0.
  0.          0.02466277  0.          0.          0.          0.          0.
  0.          0.          0.          0.          0.          0.          0.
  0.          0.          0.          0.          0.          0.01245173
  0.          0.          0.          0.          0.          0.          0.
  0.01025389  0.          0.          0.          0.          0.          0.
  0.          0.          0.          0.          0.          0.          0.
  0.          0.          0.          0.          0.          0.          0.
  0.          0.          0.02001342  0.          0.          0.          0.
  0.          0.          0.01228778  0.          0.          0.        ]</hiearchy vector><spliter>
<hiearchy name>economics</hiearchy name>
<hiearchy number>3</hiearchy number>
<hiearchy vector>[ 0.02996772  0.          0.          0.          0.          0.          0.
  0.          0.          0.          0.          0.          0.          0.
  0.          0.          0.          0.          0.          0.          0.
  0.          0.          0.          0.01427504  0.          0.          0.
  0.          0.06478659  0.          0.          0.          0.          0.
  0.          0.          0.          0.          0.          0.          0.
  0.          0.          0.          0.          0.          0.
  0.08789653  0.          0.          0.08327386  0.          0.
  0.02315715  0.          0.          0.          0.          0.          0.
  0.          0.          0.          0.04910376  0.          0.          0.
  0.          0.          0.          0.          0.          0.          0.
  0.          0.03034495  0.          0.06906816  0.          0.          0.
  0.          0.          0.          0.          0.          0.          0.
  0.          0.          0.          0.          0.          0.          0.
  0.          0.          0.          0.          0.01091671  0.          0.
  0.          0.          0.          0.          0.          0.          0.
  0.          0.          0.02471922  0.          0.          0.          0.
  0.          0.          0.          0.          0.          0.          0.
  0.          0.          0.          0.          0.          0.          0.
  0.          0.          0.          0.          0.          0.          0.
  0.          0.          0.          0.          0.          0.          0.
  0.          0.          0.          0.          0.          0.          0.
  0.          0.          0.0325695   0.          0.          0.          0.
  0.12342357  0.          0.          0.          0.          0.          0.
  0.          0.          0.          0.          0.          0.          0.
  0.          0.          0.          0.          0.          0.          0.
  0.          0.          0.          0.          0.          0.          0.
  0.          0.          0.          0.          0.08401053  0.          0.
  0.          0.          0.          0.          0.          0.          0.
  0.          0.01289407  0.          0.          0.          0.          0.
  0.          0.          0.          0.          0.          0.
  0.02604073  0.          0.          0.          0.          0.          0.
  0.          0.          0.          0.        ]</hiearchy vector><spliter>
<hiearchy name>food</hiearchy name>
<hiearchy number>4</hiearchy number>
<hiearchy vector>[ 0.          0.          0.03465075  0.          0.          0.          0.
  0.          0.          0.          0.          0.          0.          0.
  0.          0.          0.19188394  0.          0.          0.          0.
  0.          0.          0.          0.          0.          0.          0.
  0.          0.          0.          0.          0.          0.          0.
  0.          0.          0.          0.          0.          0.          0.
  0.          0.          0.          0.          0.          0.
  0.04352451  0.          0.          0.06591661  0.          0.01798874
  0.03282888  0.          0.          0.          0.          0.          0.
  0.          0.          0.          0.02834484  0.          0.          0.
  0.          0.          0.01189579  0.          0.          0.          0.
  0.07183404  0.          0.01534753  0.          0.          0.          0.
  0.          0.          0.          0.          0.          0.          0.
  0.          0.          0.          0.          0.01488424  0.          0.
  0.          0.          0.01088983  0.          0.          0.          0.
  0.          0.03627416  0.          0.01999689  0.          0.          0.
  0.          0.          0.          0.          0.          0.          0.
  0.          0.          0.          0.02570107  0.          0.          0.
  0.          0.          0.          0.          0.          0.          0.
  0.          0.          0.          0.02155538  0.          0.          0.
  0.          0.          0.          0.          0.          0.          0.
  0.          0.          0.          0.          0.          0.          0.
  0.          0.          0.02697811  0.          0.          0.          0.
  0.01337058  0.          0.          0.          0.          0.          0.
  0.          0.          0.          0.          0.          0.          0.
  0.          0.          0.          0.          0.          0.          0.
  0.          0.          0.          0.          0.          0.          0.
  0.          0.          0.          0.          0.0604559   0.          0.
  0.          0.          0.          0.          0.          0.          0.
  0.          0.01136099  0.          0.          0.          0.          0.
  0.          0.          0.          0.          0.          0.
  0.01672851  0.          0.          0.          0.          0.          0.
  0.          0.          0.          0.        ]</hiearchy vector><spliter>
<hiearchy name>health</hiearchy name>
<hiearchy number>5</hiearchy number>
<hiearchy vector>[ 0.01492131  0.          0.          0.          0.          0.          0.
  0.          0.          0.          0.          0.          0.          0.
  0.          0.          0.          0.          0.          0.          0.
  0.          0.          0.          0.0132566   0.          0.          0.
  0.          0.          0.          0.          0.          0.          0.
  0.          0.          0.          0.          0.          0.          0.
  0.          0.          0.          0.          0.          0.
  0.05665845  0.          0.          0.          0.          0.
  0.03580343  0.          0.          0.04062042  0.          0.          0.
  0.          0.          0.          0.          0.          0.          0.
  0.01250577  0.          0.01287923  0.          0.          0.          0.
  0.          0.          0.          0.          0.          0.          0.
  0.          0.          0.          0.          0.          0.          0.
  0.          0.          0.          0.          0.          0.          0.
  0.          0.          0.20182493  0.          0.          0.          0.
  0.          0.          0.036446    0.08791411  0.          0.          0.
  0.          0.          0.01818898  0.          0.          0.          0.
  0.          0.          0.          0.          0.          0.          0.
  0.          0.          0.          0.          0.          0.          0.
  0.          0.          0.          0.06779462  0.          0.          0.
  0.          0.          0.          0.          0.          0.02771232
  0.          0.          0.          0.          0.          0.          0.
  0.          0.          0.          0.07014042  0.          0.          0.
  0.          0.          0.01434241  0.          0.          0.          0.
  0.          0.          0.          0.          0.          0.          0.
  0.          0.          0.          0.          0.          0.          0.
  0.          0.          0.          0.          0.          0.          0.
  0.          0.          0.          0.          0.          0.10340594
  0.          0.          0.          0.          0.          0.          0.
  0.          0.          0.          0.          0.          0.          0.
  0.          0.          0.          0.          0.          0.          0.
  0.          0.          0.          0.          0.          0.          0.
  0.          0.          0.          0.          0.        ]</hiearchy vector><spliter>
<hiearchy name>history</hiearchy name>
<hiearchy number>6</hiearchy number>
<hiearchy vector>[ 0.11326046  0.          0.          0.          0.          0.          0.
  0.          0.          0.          0.          0.          0.          0.
  0.          0.          0.          0.          0.          0.          0.
  0.          0.          0.          0.          0.          0.          0.
  0.          0.10156818  0.          0.          0.          0.          0.
  0.          0.          0.          0.          0.          0.          0.
  0.          0.          0.          0.          0.          0.
  0.21506331  0.          0.          0.          0.          0.
  0.07540259  0.          0.          0.          0.          0.          0.
  0.          0.          0.          0.          0.          0.          0.
  0.          0.          0.          0.          0.          0.          0.
  0.          0.          0.          0.          0.          0.          0.
  0.          0.          0.          0.          0.          0.          0.
  0.          0.          0.          0.          0.          0.          0.
  0.          0.          0.          0.          0.02695457  0.          0.
  0.          0.          0.          0.03286217  0.          0.          0.
  0.          0.          0.01366986  0.          0.          0.          0.
  0.          0.          0.          0.          0.          0.          0.
  0.          0.          0.          0.          0.          0.          0.
  0.          0.          0.          0.          0.          0.          0.
  0.          0.          0.          0.          0.          0.          0.
  0.          0.          0.          0.          0.          0.          0.
  0.          0.          0.02803641  0.          0.          0.          0.
  0.          0.          0.          0.          0.          0.          0.
  0.          0.          0.          0.01320946  0.          0.          0.
  0.          0.          0.          0.          0.          0.0127255   0.
  0.          0.          0.          0.          0.          0.          0.
  0.          0.          0.          0.          0.09719724  0.          0.
  0.          0.          0.          0.          0.          0.          0.
  0.          0.08825672  0.          0.          0.          0.          0.
  0.          0.          0.          0.          0.          0.          0.
  0.          0.          0.          0.          0.          0.
  0.01311909  0.          0.          0.        ]</hiearchy vector><spliter>
<hiearchy name>law</hiearchy name>
<hiearchy number>7</hiearchy number>
<hiearchy vector>[ 0.02073991  0.          0.          0.          0.          0.          0.
  0.          0.          0.          0.          0.          0.          0.
  0.          0.          0.          0.          0.          0.          0.
  0.          0.03831801  0.          0.          0.          0.          0.
  0.          0.0218054   0.          0.          0.          0.          0.
  0.02604875  0.          0.          0.          0.          0.          0.
  0.0135333   0.0109364   0.          0.          0.          0.
  0.07393423  0.          0.          0.01077934  0.          0.01259498
  0.04290799  0.          0.          0.          0.          0.          0.
  0.          0.          0.          0.          0.          0.          0.
  0.          0.          0.          0.          0.01046272  0.          0.
  0.          0.          0.          0.01067779  0.          0.          0.
  0.          0.          0.          0.          0.          0.          0.
  0.          0.          0.          0.          0.          0.          0.
  0.          0.          0.          0.          0.          0.          0.
  0.          0.          0.          0.03365706  0.          0.          0.
  0.          0.          0.34629453  0.          0.          0.          0.
  0.          0.          0.          0.          0.          0.          0.
  0.          0.          0.          0.          0.          0.          0.
  0.          0.          0.          0.          0.          0.          0.
  0.          0.          0.          0.          0.          0.          0.
  0.01436293  0.          0.          0.          0.          0.          0.
  0.          0.          0.          0.          0.          0.          0.
  0.          0.          0.          0.          0.          0.
  0.01453546  0.          0.          0.          0.          0.          0.
  0.          0.          0.          0.          0.          0.          0.
  0.          0.          0.          0.          0.          0.          0.
  0.          0.          0.          0.          0.          0.          0.
  0.          0.          0.          0.          0.          0.          0.
  0.          0.          0.03049106  0.          0.          0.          0.
  0.          0.          0.          0.          0.          0.          0.
  0.          0.          0.          0.          0.          0.          0.
  0.          0.          0.          0.        ]</hiearchy vector><spliter>
<hiearchy name>movie</hiearchy name>
<hiearchy number>8</hiearchy number>
<hiearchy vector>[ 0.01436601  0.0189409   0.          0.          0.          0.          0.
  0.          0.          0.          0.01602293  0.          0.          0.
  0.          0.          0.          0.          0.          0.          0.
  0.          0.          0.          0.          0.          0.          0.
  0.          0.          0.          0.          0.03165175  0.          0.
  0.          0.          0.          0.          0.          0.          0.
  0.          0.          0.          0.          0.          0.          0.1113875
  0.          0.02232198  0.06483633  0.          0.02511601  0.01116436
  0.          0.          0.          0.          0.          0.          0.
  0.          0.          0.          0.          0.          0.          0.
  0.          0.          0.          0.          0.          0.          0.
  0.          0.          0.          0.          0.          0.          0.
  0.          0.          0.          0.          0.          0.          0.
  0.          0.          0.          0.          0.          0.          0.
  0.          0.          0.          0.01566818  0.          0.          0.
  0.          0.          0.          0.          0.          0.          0.
  0.          0.          0.          0.          0.          0.          0.
  0.          0.          0.          0.          0.          0.          0.
  0.          0.          0.          0.          0.          0.          0.
  0.          0.          0.          0.          0.          0.          0.
  0.          0.          0.          0.          0.          0.          0.
  0.          0.          0.          0.          0.          0.          0.
  0.          0.02037401  0.          0.          0.          0.          0.
  0.          0.          0.          0.          0.          0.          0.
  0.          0.          0.          0.          0.          0.          0.
  0.          0.38401154  0.          0.          0.          0.          0.
  0.          0.          0.          0.          0.02402142  0.          0.
  0.          0.          0.          0.01410306  0.          0.          0.
  0.          0.          0.          0.          0.          0.          0.
  0.01632713  0.          0.          0.          0.          0.          0.
  0.          0.01431241  0.          0.01047672  0.          0.          0.
  0.          0.          0.          0.          0.          0.          0.
  0.          0.        ]</hiearchy vector><spliter>
<hiearchy name>politics</hiearchy name>
<hiearchy number>9</hiearchy number>
<hiearchy vector>[ 0.04940179  0.          0.          0.          0.          0.01954339
  0.          0.          0.          0.          0.          0.          0.
  0.          0.          0.          0.          0.          0.          0.
  0.          0.          0.22421452  0.          0.          0.          0.
  0.          0.          0.02261861  0.          0.          0.          0.
  0.          0.          0.          0.          0.          0.          0.
  0.          0.          0.          0.          0.          0.          0.
  0.06541412  0.          0.          0.          0.          0.
  0.10149628  0.          0.          0.          0.          0.          0.
  0.          0.          0.01890333  0.          0.          0.          0.
  0.          0.          0.          0.          0.02602377  0.          0.
  0.          0.          0.          0.          0.          0.          0.
  0.          0.          0.          0.          0.          0.          0.
  0.          0.          0.          0.          0.          0.          0.
  0.          0.          0.          0.          0.01101205  0.          0.
  0.          0.          0.          0.01422559  0.          0.          0.
  0.          0.          0.06486686  0.          0.          0.          0.
  0.          0.          0.          0.          0.          0.          0.
  0.          0.          0.          0.          0.          0.          0.
  0.          0.          0.          0.          0.          0.          0.
  0.          0.          0.          0.          0.          0.          0.
  0.02148138  0.          0.          0.          0.          0.          0.
  0.          0.          0.02348023  0.          0.          0.          0.
  0.          0.          0.          0.          0.          0.          0.
  0.          0.          0.          0.          0.          0.
  0.01239181  0.          0.          0.          0.          0.          0.
  0.          0.          0.          0.          0.          0.          0.
  0.02142089  0.          0.          0.          0.          0.0510003   0.
  0.          0.          0.          0.          0.          0.          0.
  0.          0.          0.02061825  0.          0.          0.          0.
  0.          0.          0.          0.          0.          0.01339468
  0.          0.          0.          0.          0.          0.          0.
  0.          0.          0.          0.          0.        ]</hiearchy vector><spliter>
<hiearchy name>science</hiearchy name>
<hiearchy number>10</hiearchy number>
<hiearchy vector>[ 0.04087389  0.          0.          0.          0.          0.          0.
  0.          0.          0.          0.0124652   0.          0.          0.
  0.          0.          0.          0.          0.          0.          0.
  0.          0.          0.          0.          0.          0.          0.
  0.          0.04682229  0.          0.          0.          0.          0.
  0.          0.          0.          0.          0.          0.          0.
  0.          0.          0.          0.          0.          0.          0.1725547
  0.          0.          0.          0.          0.01868036  0.01115167
  0.          0.          0.          0.          0.          0.          0.
  0.          0.          0.          0.          0.          0.          0.
  0.          0.          0.          0.          0.          0.          0.
  0.          0.          0.          0.          0.          0.          0.
  0.          0.          0.          0.          0.          0.          0.
  0.          0.          0.          0.          0.          0.          0.
  0.          0.          0.          0.03010685  0.          0.          0.
  0.          0.          0.02348736  0.          0.          0.          0.
  0.          0.02389347  0.          0.          0.          0.          0.
  0.          0.          0.          0.          0.          0.01051786
  0.          0.          0.          0.          0.          0.          0.
  0.          0.          0.          0.01012295  0.          0.          0.
  0.          0.          0.          0.          0.          0.          0.
  0.          0.          0.          0.          0.          0.          0.
  0.          0.          0.03922114  0.          0.          0.          0.
  0.          0.          0.          0.          0.          0.          0.
  0.          0.          0.          0.          0.          0.          0.
  0.          0.          0.          0.          0.          0.          0.
  0.          0.          0.          0.          0.          0.          0.
  0.          0.          0.          0.          0.30539719  0.          0.
  0.          0.          0.          0.          0.          0.          0.
  0.          0.02766837  0.          0.          0.          0.          0.
  0.          0.          0.          0.          0.          0.          0.
  0.          0.          0.          0.          0.          0.          0.
  0.          0.          0.        ]</hiearchy vector><spliter>
<hiearchy name>sport</hiearchy name>
<hiearchy number>11</hiearchy number>
<hiearchy vector>[ 0.          0.          0.          0.          0.          0.          0.
  0.          0.          0.          0.          0.          0.01070992
  0.          0.          0.20108588  0.          0.          0.          0.
  0.          0.          0.          0.          0.          0.          0.
  0.          0.          0.          0.          0.          0.          0.
  0.          0.          0.          0.          0.          0.          0.
  0.          0.          0.          0.          0.          0.          0.
  0.0976822   0.          0.          0.01988076  0.          0.0187065
  0.02072683  0.          0.          0.          0.          0.          0.
  0.          0.          0.          0.          0.          0.          0.
  0.          0.          0.          0.          0.          0.
  0.05275269  0.          0.          0.          0.          0.          0.
  0.          0.          0.          0.          0.          0.          0.
  0.          0.          0.          0.          0.          0.          0.
  0.          0.          0.          0.          0.          0.01888182
  0.          0.          0.          0.          0.          0.03694377
  0.          0.          0.          0.          0.          0.04152655
  0.          0.          0.          0.          0.          0.          0.
  0.          0.          0.          0.          0.          0.          0.
  0.          0.          0.          0.          0.          0.          0.
  0.          0.          0.          0.          0.          0.
  0.01821537  0.          0.          0.0192384   0.          0.          0.
  0.          0.          0.          0.          0.          0.          0.
  0.04556971  0.          0.          0.          0.          0.          0.
  0.          0.          0.          0.          0.          0.          0.
  0.          0.          0.          0.          0.          0.          0.
  0.          0.          0.          0.          0.          0.0147362   0.
  0.          0.          0.          0.          0.          0.          0.
  0.          0.          0.01172267  0.          0.          0.          0.
  0.          0.          0.          0.01149951  0.          0.          0.0173359
  0.          0.          0.          0.          0.          0.          0.
  0.03107743  0.          0.          0.          0.          0.05341533
  0.          0.          0.          0.          0.          0.          0.
  0.          0.        ]</hiearchy vector><spliter>
<hiearchy name>technology</hiearchy name>
<hiearchy number>12</hiearchy number>
<hiearchy vector>[ 0.03199574  0.          0.          0.          0.          0.          0.
  0.          0.          0.          0.          0.          0.          0.
  0.          0.          0.          0.          0.          0.          0.
  0.          0.          0.          0.01318533  0.          0.          0.
  0.          0.02779859  0.          0.          0.05468916  0.          0.
  0.          0.          0.          0.          0.          0.          0.
  0.          0.          0.          0.          0.          0.          0.1260121
  0.          0.          0.02168171  0.          0.13899252  0.02183102
  0.          0.          0.          0.          0.          0.          0.
  0.          0.          0.          0.          0.          0.          0.
  0.          0.          0.          0.          0.          0.          0.
  0.          0.          0.          0.          0.          0.          0.
  0.          0.          0.          0.          0.          0.          0.
  0.          0.          0.          0.          0.          0.          0.
  0.          0.          0.          0.0108552   0.          0.          0.
  0.          0.          0.02025666  0.          0.          0.          0.
  0.          0.          0.          0.          0.          0.          0.
  0.          0.          0.          0.          0.          0.          0.
  0.          0.          0.          0.          0.          0.          0.
  0.          0.          0.01283379  0.          0.          0.          0.
  0.          0.          0.          0.          0.          0.          0.
  0.          0.          0.          0.          0.          0.          0.
  0.          0.05662444  0.          0.          0.          0.
  0.01687746  0.          0.          0.          0.          0.          0.
  0.          0.          0.          0.          0.          0.
  0.01342955  0.          0.          0.          0.          0.          0.
  0.          0.          0.          0.          0.          0.          0.0129491
  0.          0.          0.          0.          0.          0.12748201
  0.          0.          0.          0.          0.          0.          0.
  0.          0.          0.          0.04018746  0.          0.          0.
  0.01526361  0.          0.          0.          0.          0.          0.
  0.          0.          0.          0.          0.          0.          0.
  0.          0.          0.          0.          0.        ]</hiearchy vector><spliter>
