<hiearchy name>art</hiearchy name>
<hiearchy number>1</hiearchy number>
<hiearchy vector>[ 0.          0.          0.          0.          0.          0.          0.
  0.          0.          0.          0.          0.          0.11124017
  0.          0.          0.          0.          0.          0.          0.
  0.          0.          0.          0.          0.          0.          0.
  0.          0.          0.          0.          0.          0.          0.
  0.          0.          0.          0.05268323  0.          0.          0.
  0.          0.          0.          0.          0.          0.          0.
  0.          0.          0.          0.          0.          0.02371699
  0.          0.          0.          0.          0.          0.          0.
  0.          0.          0.          0.          0.          0.          0.
  0.          0.01775594  0.          0.          0.          0.          0.
  0.          0.          0.          0.          0.          0.01022239
  0.          0.          0.          0.          0.          0.          0.
  0.          0.          0.          0.          0.          0.          0.
  0.          0.          0.          0.          0.          0.          0.
  0.          0.          0.          0.          0.          0.          0.
  0.          0.          0.          0.          0.          0.          0.
  0.          0.          0.          0.          0.          0.          0.
  0.          0.          0.          0.          0.          0.          0.
  0.          0.          0.          0.          0.          0.          0.
  0.          0.          0.          0.          0.          0.          0.
  0.          0.          0.          0.          0.          0.          0.
  0.          0.          0.          0.          0.          0.          0.
  0.          0.          0.          0.          0.          0.
  0.17089141  0.          0.          0.          0.          0.          0.
  0.          0.          0.          0.          0.          0.          0.
  0.          0.          0.          0.          0.          0.          0.
  0.          0.          0.          0.          0.          0.          0.
  0.          0.          0.          0.          0.          0.          0.
  0.          0.          0.          0.          0.          0.          0.
  0.          0.          0.          0.01491503  0.          0.          0.
  0.          0.          0.          0.          0.          0.          0.
  0.          0.          0.          0.10055953  0.          0.          0.
  0.          0.          0.          0.          0.          0.          0.
  0.          0.          0.          0.          0.          0.          0.
  0.          0.          0.          0.11557843  0.          0.          0.
  0.          0.          0.          0.          0.          0.          0.
  0.          0.          0.          0.          0.          0.          0.
  0.          0.          0.          0.          0.          0.          0.
  0.          0.          0.          0.          0.          0.
  0.04557962  0.          0.          0.          0.          0.          0.
  0.02437743  0.          0.          0.          0.          0.          0.
  0.          0.          0.          0.          0.          0.          0.
  0.          0.          0.          0.        ]</hiearchy vector><spliter>
<hiearchy name>business</hiearchy name>
<hiearchy number>2</hiearchy number>
<hiearchy vector>[ 0.01603563  0.          0.          0.          0.          0.          0.
  0.          0.          0.          0.          0.          0.0266007   0.
  0.          0.          0.          0.          0.          0.          0.
  0.          0.          0.          0.          0.          0.          0.
  0.          0.          0.          0.          0.          0.          0.
  0.          0.          0.03296513  0.          0.          0.          0.
  0.          0.          0.10122194  0.          0.          0.          0.
  0.          0.          0.          0.          0.          0.          0.
  0.          0.          0.          0.          0.          0.01753989
  0.02137834  0.          0.          0.          0.          0.          0.
  0.          0.          0.          0.          0.04445851  0.          0.
  0.          0.          0.          0.01400441  0.          0.          0.
  0.          0.          0.          0.          0.          0.
  0.01067534  0.          0.          0.          0.          0.          0.
  0.          0.          0.          0.          0.0905977   0.          0.
  0.          0.          0.          0.          0.          0.          0.
  0.          0.          0.          0.          0.          0.          0.
  0.          0.          0.          0.          0.01080604  0.01720426
  0.          0.          0.          0.          0.          0.          0.
  0.          0.          0.          0.          0.          0.          0.
  0.          0.          0.          0.          0.          0.          0.
  0.          0.          0.          0.01074625  0.          0.          0.
  0.          0.          0.          0.          0.          0.          0.
  0.01737598  0.          0.          0.          0.          0.          0.
  0.07430753  0.          0.          0.          0.          0.          0.
  0.          0.          0.          0.          0.          0.          0.
  0.          0.          0.          0.          0.          0.
  0.01295742  0.          0.          0.          0.          0.          0.
  0.          0.          0.          0.          0.          0.0154707   0.
  0.          0.          0.          0.          0.          0.          0.
  0.          0.          0.          0.          0.          0.03383663
  0.          0.          0.          0.          0.          0.          0.
  0.          0.          0.          0.          0.          0.          0.
  0.          0.01554369  0.          0.          0.          0.          0.
  0.          0.          0.          0.          0.          0.          0.
  0.          0.          0.          0.          0.          0.05589552
  0.          0.          0.          0.          0.          0.          0.
  0.          0.          0.          0.          0.          0.          0.
  0.          0.          0.          0.          0.          0.          0.
  0.          0.          0.          0.          0.          0.          0.
  0.          0.          0.          0.          0.          0.          0.
  0.01914514  0.          0.          0.          0.01041745  0.          0.
  0.02400921  0.          0.          0.          0.          0.          0.
  0.          0.          0.          0.          0.        ]</hiearchy vector><spliter>
<hiearchy name>economics</hiearchy name>
<hiearchy number>3</hiearchy number>
<hiearchy vector>[ 0.01120398  0.          0.          0.          0.          0.          0.
  0.          0.          0.          0.          0.          0.07203602
  0.          0.          0.          0.          0.          0.          0.
  0.          0.          0.          0.          0.          0.          0.
  0.          0.          0.          0.          0.          0.          0.
  0.          0.01126337  0.          0.09658554  0.          0.          0.
  0.01567482  0.          0.          0.          0.          0.          0.
  0.          0.          0.          0.          0.          0.05471885
  0.          0.          0.          0.          0.          0.          0.
  0.          0.01887722  0.          0.          0.          0.          0.
  0.          0.          0.          0.          0.          0.02239681
  0.          0.          0.          0.          0.          0.          0.
  0.          0.          0.          0.          0.          0.          0.
  0.          0.01429882  0.          0.          0.          0.          0.
  0.          0.          0.          0.          0.          0.          0.
  0.          0.          0.02552767  0.          0.          0.          0.
  0.          0.          0.          0.          0.          0.          0.
  0.          0.          0.          0.          0.          0.01387657
  0.          0.          0.          0.          0.          0.          0.
  0.          0.01024365  0.          0.          0.          0.          0.
  0.          0.          0.          0.          0.          0.          0.
  0.          0.          0.          0.          0.          0.          0.
  0.          0.          0.          0.          0.          0.          0.
  0.          0.          0.          0.          0.          0.          0.
  0.          0.01658794  0.          0.          0.          0.          0.
  0.          0.          0.          0.          0.          0.          0.
  0.          0.          0.          0.          0.          0.21961008
  0.          0.          0.          0.          0.          0.          0.
  0.          0.          0.          0.          0.          0.          0.
  0.          0.          0.          0.          0.          0.01033068
  0.          0.          0.          0.01205312  0.          0.          0.
  0.          0.          0.          0.          0.          0.          0.
  0.          0.          0.          0.          0.          0.          0.
  0.          0.          0.          0.          0.          0.          0.
  0.          0.          0.          0.          0.          0.          0.
  0.          0.          0.          0.          0.          0.01359418
  0.01156813  0.          0.          0.          0.          0.          0.
  0.          0.          0.          0.          0.          0.          0.
  0.          0.          0.          0.          0.          0.          0.
  0.          0.          0.          0.          0.          0.          0.
  0.          0.          0.03785461  0.          0.          0.          0.
  0.          0.02549447  0.          0.          0.          0.          0.
  0.          0.          0.          0.          0.          0.          0.
  0.          0.          0.          0.          0.          0.        ]</hiearchy vector><spliter>
<hiearchy name>food</hiearchy name>
<hiearchy number>4</hiearchy number>
<hiearchy vector>[ 0.          0.01473691  0.          0.          0.          0.          0.0128318
  0.          0.          0.          0.          0.          0.0153358   0.
  0.          0.          0.          0.          0.          0.06253018
  0.          0.          0.          0.          0.          0.          0.
  0.          0.          0.          0.          0.          0.          0.
  0.          0.          0.          0.04295365  0.          0.          0.
  0.          0.          0.          0.          0.          0.          0.
  0.          0.          0.          0.          0.          0.01789176
  0.          0.          0.          0.          0.          0.          0.
  0.          0.03046394  0.          0.          0.          0.          0.
  0.          0.          0.          0.18021151  0.          0.04414126
  0.          0.          0.          0.          0.          0.          0.
  0.          0.          0.          0.          0.          0.          0.
  0.          0.          0.          0.          0.          0.          0.
  0.          0.          0.          0.          0.          0.          0.
  0.          0.          0.01884758  0.          0.          0.          0.
  0.          0.          0.          0.          0.          0.          0.
  0.          0.          0.          0.          0.          0.06153348
  0.          0.          0.          0.          0.          0.          0.
  0.          0.          0.          0.          0.          0.          0.
  0.          0.          0.          0.          0.          0.          0.
  0.          0.          0.          0.          0.          0.          0.
  0.          0.          0.          0.          0.          0.          0.
  0.          0.          0.          0.          0.          0.          0.
  0.          0.          0.          0.          0.01039511  0.          0.
  0.          0.          0.          0.          0.          0.          0.
  0.01569219  0.          0.          0.          0.          0.01816279
  0.          0.          0.          0.          0.          0.01125165
  0.          0.          0.          0.          0.          0.01215951
  0.          0.          0.          0.          0.          0.          0.
  0.          0.          0.          0.          0.          0.          0.
  0.          0.          0.          0.          0.          0.          0.
  0.          0.          0.          0.          0.          0.          0.
  0.          0.          0.          0.          0.          0.          0.
  0.          0.02230612  0.          0.          0.          0.          0.
  0.          0.          0.          0.          0.0611481   0.
  0.04419492  0.          0.          0.          0.          0.          0.
  0.          0.          0.          0.          0.          0.          0.
  0.          0.          0.          0.          0.03056198  0.          0.
  0.          0.          0.          0.          0.          0.          0.
  0.          0.          0.          0.          0.          0.          0.
  0.          0.          0.          0.          0.          0.          0.
  0.          0.          0.          0.          0.          0.          0.
  0.          0.          0.          0.          0.          0.          0.        ]</hiearchy vector><spliter>
<hiearchy name>health</hiearchy name>
<hiearchy number>5</hiearchy number>
<hiearchy vector>[ 0.          0.01212141  0.          0.          0.          0.          0.
  0.          0.          0.          0.          0.          0.01644734
  0.          0.          0.          0.          0.          0.          0.
  0.          0.          0.          0.          0.          0.20872692
  0.          0.          0.          0.          0.          0.          0.
  0.          0.          0.01070459  0.          0.15959384  0.          0.
  0.          0.          0.          0.          0.          0.          0.
  0.          0.          0.          0.          0.          0.          0.0396774
  0.          0.          0.          0.02176656  0.          0.          0.
  0.          0.          0.          0.          0.          0.          0.
  0.          0.          0.          0.01170273  0.          0.          0.
  0.          0.          0.          0.          0.          0.          0.
  0.          0.          0.          0.          0.          0.          0.
  0.          0.          0.          0.          0.          0.          0.
  0.0219282   0.          0.          0.          0.          0.          0.
  0.          0.          0.          0.          0.          0.          0.
  0.          0.          0.          0.          0.0142792   0.          0.
  0.          0.01036718  0.          0.          0.12100987  0.01614641
  0.          0.          0.          0.          0.          0.          0.
  0.01597445  0.          0.          0.          0.          0.          0.
  0.          0.          0.          0.          0.          0.          0.
  0.          0.          0.          0.          0.          0.          0.
  0.          0.          0.          0.          0.          0.          0.
  0.          0.          0.          0.          0.          0.          0.
  0.          0.          0.          0.          0.          0.          0.
  0.          0.          0.          0.          0.          0.          0.
  0.          0.          0.          0.          0.          0.          0.
  0.          0.          0.          0.          0.          0.          0.
  0.          0.          0.          0.          0.          0.          0.
  0.          0.          0.          0.          0.          0.          0.
  0.          0.          0.          0.          0.          0.          0.
  0.          0.          0.          0.          0.          0.          0.
  0.          0.          0.          0.          0.          0.          0.
  0.          0.          0.          0.          0.          0.          0.
  0.          0.          0.          0.          0.          0.          0.
  0.          0.          0.01268249  0.          0.          0.          0.
  0.          0.          0.          0.          0.          0.          0.
  0.          0.          0.          0.          0.          0.          0.
  0.          0.          0.          0.          0.01594698  0.          0.
  0.          0.          0.          0.          0.          0.01530238
  0.          0.01645149  0.          0.          0.          0.          0.
  0.          0.          0.          0.          0.          0.          0.
  0.          0.          0.          0.          0.01500334  0.          0.
  0.          0.          0.        ]</hiearchy vector><spliter>
<hiearchy name>history</hiearchy name>
<hiearchy number>6</hiearchy number>
<hiearchy vector>[ 0.          0.          0.          0.          0.          0.          0.
  0.          0.          0.          0.          0.          0.05765785
  0.          0.          0.          0.          0.          0.          0.
  0.          0.          0.          0.          0.          0.          0.
  0.          0.          0.          0.          0.          0.          0.
  0.          0.          0.          0.04527129  0.          0.          0.
  0.          0.          0.          0.          0.          0.          0.
  0.          0.          0.          0.          0.          0.04292927
  0.          0.          0.          0.          0.          0.          0.
  0.          0.          0.          0.          0.          0.          0.
  0.          0.          0.          0.          0.          0.          0.
  0.          0.          0.          0.          0.          0.          0.
  0.          0.          0.          0.          0.          0.          0.
  0.          0.          0.          0.          0.          0.          0.
  0.01355232  0.          0.          0.          0.          0.          0.
  0.          0.          0.          0.          0.          0.          0.
  0.          0.          0.          0.          0.          0.          0.
  0.          0.          0.          0.          0.05050112  0.          0.
  0.          0.          0.          0.          0.          0.          0.
  0.          0.          0.          0.          0.          0.          0.
  0.          0.          0.          0.          0.          0.          0.
  0.          0.          0.          0.          0.          0.          0.
  0.          0.          0.          0.          0.          0.          0.
  0.          0.          0.          0.          0.          0.          0.
  0.          0.          0.          0.          0.          0.          0.
  0.          0.          0.          0.          0.          0.          0.
  0.          0.          0.          0.          0.          0.          0.
  0.          0.          0.          0.          0.          0.          0.
  0.          0.          0.          0.          0.          0.          0.
  0.          0.          0.          0.          0.          0.
  0.01424926  0.          0.01405241  0.          0.          0.          0.
  0.          0.          0.          0.          0.          0.          0.
  0.          0.          0.01037259  0.          0.          0.          0.
  0.          0.          0.          0.          0.          0.          0.
  0.          0.          0.          0.          0.          0.
  0.03658522  0.          0.          0.32842721  0.          0.          0.
  0.          0.          0.          0.          0.          0.          0.
  0.          0.          0.          0.          0.          0.          0.
  0.          0.          0.          0.          0.          0.          0.
  0.          0.          0.          0.          0.          0.
  0.10295914  0.          0.          0.          0.          0.01468258
  0.          0.          0.          0.          0.          0.          0.
  0.          0.          0.01199236  0.          0.          0.          0.
  0.          0.          0.          0.          0.        ]</hiearchy vector><spliter>
<hiearchy name>law</hiearchy name>
<hiearchy number>7</hiearchy number>
<hiearchy vector>[ 0.          0.          0.          0.          0.          0.          0.
  0.          0.          0.          0.          0.          0.05255913
  0.          0.          0.          0.          0.          0.          0.
  0.03011388  0.          0.          0.          0.          0.          0.
  0.          0.          0.          0.02041834  0.          0.          0.
  0.01016619  0.          0.          0.02708059  0.          0.
  0.01244335  0.          0.          0.          0.          0.          0.
  0.          0.          0.          0.          0.          0.          0.
  0.          0.          0.          0.          0.          0.          0.
  0.          0.          0.          0.          0.          0.04511121
  0.          0.          0.          0.          0.          0.          0.
  0.          0.          0.          0.          0.          0.          0.
  0.          0.          0.          0.          0.          0.          0.
  0.          0.          0.012124    0.          0.          0.          0.
  0.          0.          0.          0.          0.          0.          0.
  0.          0.          0.          0.          0.          0.          0.
  0.          0.          0.          0.          0.          0.          0.
  0.          0.          0.          0.          0.          0.          0.
  0.          0.          0.          0.          0.          0.          0.
  0.          0.          0.          0.          0.          0.          0.
  0.          0.02101901  0.          0.          0.          0.          0.
  0.          0.          0.          0.          0.          0.          0.
  0.          0.          0.          0.          0.          0.          0.
  0.          0.          0.          0.          0.          0.0127481   0.
  0.2375739   0.          0.          0.          0.          0.          0.
  0.          0.          0.          0.          0.          0.          0.
  0.          0.          0.0110272   0.          0.          0.          0.
  0.          0.          0.          0.          0.          0.          0.
  0.          0.          0.          0.          0.          0.          0.
  0.          0.          0.          0.          0.          0.          0.
  0.          0.          0.01519094  0.          0.01787966  0.          0.
  0.          0.          0.          0.          0.          0.          0.
  0.          0.          0.          0.          0.          0.
  0.01438969  0.          0.          0.          0.          0.          0.
  0.          0.          0.          0.          0.          0.          0.
  0.          0.          0.          0.06595905  0.          0.          0.
  0.          0.          0.          0.          0.          0.          0.
  0.          0.          0.          0.          0.          0.          0.
  0.          0.          0.          0.          0.          0.          0.
  0.          0.          0.          0.          0.          0.
  0.02199451  0.          0.          0.          0.          0.          0.
  0.          0.          0.          0.          0.          0.          0.
  0.          0.          0.          0.          0.          0.          0.
  0.          0.          0.          0.        ]</hiearchy vector><spliter>
<hiearchy name>movie</hiearchy name>
<hiearchy number>8</hiearchy number>
<hiearchy vector>[ 0.          0.          0.          0.          0.          0.          0.
  0.          0.          0.          0.          0.          0.05241739
  0.          0.          0.          0.          0.          0.          0.
  0.          0.          0.          0.          0.          0.
  0.02977333  0.          0.          0.          0.          0.          0.
  0.          0.          0.01129794  0.          0.04088385  0.          0.
  0.          0.          0.          0.01037335  0.          0.          0.
  0.          0.          0.          0.          0.          0.          0.
  0.          0.          0.          0.          0.          0.          0.
  0.          0.          0.          0.          0.          0.          0.
  0.01613402  0.          0.          0.          0.          0.01947421
  0.          0.          0.          0.          0.          0.          0.
  0.          0.          0.          0.          0.          0.01154183
  0.          0.          0.02808987  0.          0.          0.          0.
  0.          0.          0.          0.32165906  0.          0.          0.
  0.          0.          0.          0.          0.          0.          0.
  0.          0.          0.          0.          0.          0.          0.
  0.          0.          0.          0.          0.          0.          0.
  0.          0.          0.          0.          0.          0.          0.
  0.          0.          0.          0.          0.          0.          0.
  0.          0.          0.          0.          0.          0.          0.
  0.          0.          0.          0.          0.          0.          0.
  0.          0.          0.          0.          0.          0.          0.
  0.          0.          0.          0.          0.          0.          0.
  0.          0.          0.01490944  0.          0.          0.          0.
  0.          0.          0.          0.          0.          0.          0.
  0.          0.          0.          0.          0.          0.          0.
  0.          0.          0.          0.          0.          0.          0.
  0.          0.          0.          0.          0.          0.          0.
  0.          0.          0.          0.          0.01022739  0.          0.
  0.02377445  0.          0.          0.          0.          0.          0.
  0.          0.          0.          0.          0.          0.          0.
  0.          0.          0.          0.06061424  0.          0.          0.
  0.          0.          0.          0.          0.          0.          0.
  0.          0.          0.          0.          0.          0.          0.
  0.          0.          0.          0.03247712  0.          0.          0.
  0.          0.          0.0306286   0.          0.          0.          0.
  0.          0.          0.          0.          0.          0.          0.
  0.          0.02364298  0.          0.          0.          0.          0.
  0.          0.          0.          0.          0.          0.
  0.01359459  0.          0.          0.          0.          0.          0.
  0.          0.          0.          0.          0.          0.          0.
  0.          0.          0.          0.          0.          0.          0.
  0.          0.          0.          0.        ]</hiearchy vector><spliter>
<hiearchy name>politics</hiearchy name>
<hiearchy number>9</hiearchy number>
<hiearchy vector>[ 0.          0.          0.          0.          0.          0.          0.
  0.          0.          0.          0.          0.          0.08106412
  0.          0.          0.          0.01957746  0.          0.          0.
  0.16722779  0.          0.          0.          0.          0.          0.
  0.          0.          0.          0.03374334  0.          0.          0.
  0.          0.          0.          0.          0.          0.          0.0165056
  0.          0.          0.          0.          0.          0.01855223
  0.          0.          0.          0.          0.          0.
  0.03702823  0.          0.          0.          0.          0.          0.
  0.          0.          0.          0.          0.          0.          0.
  0.          0.          0.          0.          0.          0.          0.
  0.          0.          0.          0.          0.          0.          0.
  0.          0.          0.          0.          0.01536275  0.          0.
  0.01409719  0.          0.02543507  0.          0.          0.          0.
  0.          0.          0.          0.          0.          0.          0.
  0.          0.          0.          0.          0.          0.          0.
  0.          0.          0.          0.          0.          0.          0.
  0.          0.          0.          0.          0.          0.01175972
  0.01978281  0.          0.          0.          0.          0.          0.
  0.          0.          0.          0.          0.          0.          0.
  0.          0.          0.          0.          0.          0.          0.
  0.          0.          0.          0.          0.          0.          0.
  0.          0.          0.          0.          0.          0.          0.
  0.          0.          0.          0.          0.          0.          0.
  0.          0.03355033  0.          0.          0.          0.          0.
  0.          0.          0.01008236  0.          0.          0.          0.
  0.          0.          0.          0.          0.          0.01572337
  0.          0.          0.          0.          0.          0.          0.
  0.          0.          0.          0.          0.          0.          0.
  0.          0.          0.          0.          0.          0.          0.
  0.          0.          0.          0.          0.01078589  0.
  0.01824138  0.          0.          0.          0.          0.          0.
  0.          0.          0.          0.          0.          0.          0.
  0.          0.          0.02106414  0.          0.          0.          0.
  0.          0.          0.          0.          0.          0.          0.
  0.          0.          0.          0.          0.          0.11669492
  0.          0.          0.          0.          0.          0.          0.
  0.          0.          0.          0.          0.          0.          0.
  0.          0.          0.          0.          0.          0.          0.
  0.          0.          0.          0.          0.          0.          0.
  0.          0.          0.05920493  0.          0.          0.          0.
  0.          0.          0.          0.          0.          0.          0.
  0.          0.          0.          0.          0.          0.          0.
  0.          0.          0.          0.          0.          0.        ]</hiearchy vector><spliter>
<hiearchy name>science</hiearchy name>
<hiearchy number>10</hiearchy number>
<hiearchy vector>[ 0.          0.          0.          0.          0.          0.          0.
  0.          0.          0.          0.          0.          0.15315331
  0.          0.          0.          0.          0.          0.          0.
  0.          0.          0.          0.          0.          0.          0.
  0.          0.          0.          0.          0.          0.          0.
  0.          0.          0.          0.05080456  0.          0.          0.
  0.          0.          0.          0.          0.          0.          0.
  0.          0.          0.          0.          0.          0.26985896
  0.          0.          0.          0.          0.          0.          0.
  0.          0.          0.          0.          0.          0.          0.
  0.          0.          0.          0.          0.          0.          0.
  0.          0.          0.          0.          0.          0.          0.
  0.          0.          0.          0.          0.          0.          0.
  0.01285666  0.          0.          0.          0.          0.          0.
  0.          0.          0.          0.          0.          0.          0.
  0.          0.          0.          0.          0.          0.          0.
  0.          0.          0.          0.          0.          0.          0.
  0.          0.          0.          0.          0.01834424  0.          0.
  0.          0.          0.          0.          0.          0.          0.
  0.          0.          0.          0.          0.          0.          0.
  0.          0.          0.          0.          0.          0.          0.
  0.          0.          0.          0.          0.          0.          0.
  0.          0.          0.          0.          0.          0.          0.
  0.          0.          0.          0.          0.          0.
  0.01359056  0.          0.          0.          0.          0.          0.
  0.          0.          0.          0.          0.          0.          0.
  0.          0.          0.          0.          0.          0.          0.
  0.          0.          0.          0.          0.          0.          0.
  0.          0.          0.          0.          0.          0.          0.
  0.          0.          0.          0.          0.          0.          0.
  0.          0.          0.03346589  0.          0.          0.          0.
  0.          0.          0.          0.          0.          0.          0.
  0.          0.          0.01055836  0.          0.          0.          0.
  0.          0.          0.          0.          0.          0.          0.
  0.          0.          0.          0.          0.          0.          0.
  0.          0.          0.06716349  0.          0.          0.          0.
  0.          0.          0.          0.          0.          0.          0.
  0.          0.          0.          0.          0.          0.          0.
  0.0121318   0.          0.          0.          0.          0.          0.
  0.          0.          0.          0.          0.          0.05902299
  0.          0.          0.          0.          0.          0.          0.
  0.          0.          0.          0.          0.          0.          0.
  0.          0.          0.          0.          0.          0.          0.
  0.          0.          0.        ]</hiearchy vector><spliter>
<hiearchy name>sport</hiearchy name>
<hiearchy number>11</hiearchy number>
<hiearchy vector>[ 0.          0.          0.          0.          0.          0.          0.
  0.          0.          0.          0.          0.          0.03252365
  0.          0.          0.          0.          0.          0.          0.
  0.          0.          0.          0.          0.          0.          0.
  0.          0.          0.          0.          0.06468287  0.01619227
  0.          0.          0.          0.          0.02969412  0.          0.
  0.          0.          0.          0.          0.          0.          0.
  0.          0.          0.          0.          0.          0.          0.
  0.          0.          0.          0.0109      0.02130952  0.          0.
  0.          0.          0.          0.          0.          0.          0.
  0.          0.          0.          0.          0.          0.          0.
  0.          0.          0.          0.          0.          0.          0.
  0.          0.          0.          0.          0.          0.          0.
  0.          0.          0.          0.          0.          0.          0.
  0.0340624   0.          0.          0.          0.          0.          0.
  0.          0.          0.          0.          0.          0.
  0.03288466  0.          0.          0.          0.01136727  0.          0.
  0.          0.          0.          0.          0.          0.
  0.01099984  0.          0.          0.          0.          0.          0.
  0.          0.          0.          0.          0.          0.          0.
  0.          0.          0.          0.          0.          0.          0.
  0.          0.          0.          0.          0.          0.          0.
  0.          0.          0.          0.          0.          0.          0.
  0.          0.          0.          0.          0.          0.          0.
  0.          0.0189535   0.          0.          0.          0.          0.
  0.          0.          0.          0.          0.01123383  0.          0.
  0.          0.          0.          0.          0.          0.          0.
  0.          0.          0.          0.          0.          0.          0.
  0.          0.          0.          0.          0.          0.          0.
  0.          0.          0.          0.          0.          0.          0.
  0.          0.          0.          0.          0.          0.          0.
  0.          0.          0.          0.          0.          0.          0.
  0.          0.          0.21307434  0.          0.          0.          0.
  0.          0.          0.          0.          0.          0.          0.
  0.          0.          0.          0.          0.          0.          0.
  0.          0.          0.          0.05586954  0.          0.          0.
  0.          0.          0.03426477  0.          0.          0.          0.
  0.          0.          0.          0.          0.          0.          0.
  0.          0.02076921  0.          0.          0.          0.          0.
  0.          0.          0.          0.          0.          0.          0.
  0.01553683  0.          0.          0.          0.          0.          0.
  0.          0.          0.          0.          0.          0.          0.
  0.          0.          0.          0.          0.          0.          0.
  0.          0.          0.        ]</hiearchy vector><spliter>
<hiearchy name>technology</hiearchy name>
<hiearchy number>12</hiearchy number>
<hiearchy vector>[ 0.          0.          0.          0.          0.          0.          0.
  0.          0.          0.          0.          0.          0.05138949
  0.          0.          0.          0.          0.          0.          0.
  0.          0.          0.          0.          0.          0.          0.
  0.          0.          0.          0.          0.          0.          0.
  0.          0.          0.          0.08455511  0.          0.          0.
  0.          0.          0.          0.          0.          0.01152848
  0.          0.          0.          0.          0.          0.
  0.09796818  0.          0.          0.          0.          0.          0.
  0.          0.          0.          0.          0.          0.          0.
  0.          0.          0.          0.          0.          0.          0.
  0.          0.          0.          0.          0.          0.          0.
  0.          0.          0.          0.          0.          0.          0.
  0.          0.04231265  0.          0.          0.          0.01051914
  0.          0.          0.          0.          0.          0.          0.
  0.          0.          0.          0.          0.          0.          0.
  0.          0.          0.          0.          0.          0.          0.
  0.          0.          0.          0.          0.          0.
  0.01770835  0.          0.          0.          0.          0.          0.
  0.          0.          0.          0.          0.          0.          0.
  0.          0.          0.          0.          0.          0.          0.
  0.          0.          0.          0.          0.          0.          0.
  0.          0.          0.          0.          0.          0.          0.
  0.          0.          0.          0.          0.          0.          0.
  0.          0.01138006  0.          0.          0.          0.          0.
  0.          0.          0.          0.          0.          0.          0.
  0.          0.          0.          0.          0.          0.
  0.02039262  0.          0.          0.          0.          0.          0.
  0.          0.          0.          0.          0.          0.          0.
  0.          0.          0.          0.          0.          0.          0.
  0.          0.          0.          0.          0.          0.02178066
  0.          0.          0.          0.          0.          0.          0.
  0.          0.          0.          0.          0.          0.          0.
  0.          0.          0.          0.          0.          0.          0.
  0.          0.          0.          0.          0.          0.          0.
  0.          0.          0.          0.          0.          0.
  0.10655958  0.          0.          0.          0.          0.          0.
  0.          0.          0.          0.          0.          0.          0.
  0.          0.          0.          0.          0.          0.13844518
  0.          0.          0.          0.          0.          0.          0.
  0.01442249  0.          0.          0.          0.03703681  0.          0.
  0.          0.          0.          0.          0.          0.          0.
  0.          0.          0.01254115  0.          0.          0.          0.
  0.          0.          0.          0.          0.          0.          0.
  0.        ]</hiearchy vector><spliter>
