<hiearchy name>art</hiearchy name>
<hiearchy number>1</hiearchy number>
<hiearchy vector>[ 0.          0.          0.          0.          0.          0.          0.
  0.          0.          0.          0.          0.          0.          0.
  0.          0.          0.          0.          0.          0.          0.
  0.0371017   0.          0.          0.          0.01158521  0.          0.
  0.          0.          0.          0.          0.          0.          0.
  0.          0.          0.          0.          0.          0.          0.
  0.          0.          0.          0.          0.          0.          0.
  0.          0.          0.          0.          0.          0.          0.
  0.          0.01090652  0.          0.          0.          0.          0.
  0.          0.          0.          0.          0.          0.          0.
  0.          0.04507394  0.01062782  0.          0.          0.          0.
  0.          0.          0.          0.          0.          0.          0.
  0.          0.          0.          0.          0.          0.          0.
  0.          0.          0.          0.          0.21489502  0.          0.
  0.          0.          0.          0.          0.          0.          0.
  0.          0.          0.          0.          0.          0.          0.
  0.          0.01907911  0.          0.          0.          0.          0.
  0.          0.          0.          0.          0.          0.08574159
  0.          0.          0.          0.          0.04796692  0.          0.
  0.          0.          0.          0.          0.          0.          0.
  0.28766634  0.          0.          0.          0.          0.          0.
  0.          0.01109778  0.          0.        ]</hiearchy vector><spliter>
<hiearchy name>business</hiearchy name>
<hiearchy number>2</hiearchy number>
<hiearchy vector>[ 0.01093371  0.          0.          0.          0.          0.          0.
  0.          0.          0.          0.          0.          0.          0.
  0.          0.          0.          0.          0.          0.          0.
  0.02432879  0.          0.          0.          0.          0.          0.
  0.          0.12190909  0.          0.          0.          0.          0.
  0.          0.          0.01939755  0.          0.          0.          0.
  0.          0.          0.          0.          0.          0.          0.
  0.          0.          0.          0.          0.          0.          0.
  0.          0.          0.          0.          0.          0.          0.
  0.          0.          0.          0.          0.          0.          0.
  0.          0.          0.          0.          0.          0.          0.
  0.01727977  0.          0.          0.          0.          0.          0.
  0.          0.1664175   0.          0.          0.          0.          0.
  0.          0.03889855  0.          0.          0.          0.
  0.01794912  0.          0.          0.          0.          0.          0.
  0.          0.          0.          0.          0.03966727  0.          0.
  0.23428359  0.          0.02220572  0.          0.02226822  0.          0.
  0.          0.          0.01029337  0.0117796   0.          0.          0.
  0.          0.          0.          0.          0.01006933  0.
  0.04980832  0.          0.          0.          0.          0.          0.
  0.          0.02810014  0.01382211  0.          0.          0.          0.
  0.          0.          0.          0.          0.        ]</hiearchy vector><spliter>
<hiearchy name>economics</hiearchy name>
<hiearchy number>3</hiearchy number>
<hiearchy vector>[ 0.01047252  0.          0.          0.          0.04144561  0.          0.
  0.          0.          0.          0.          0.          0.          0.
  0.          0.          0.          0.          0.          0.
  0.09282474  0.10588014  0.          0.          0.          0.          0.
  0.          0.          0.02079268  0.          0.          0.          0.
  0.          0.          0.          0.          0.          0.          0.
  0.          0.          0.          0.          0.          0.          0.
  0.          0.          0.          0.          0.          0.          0.
  0.          0.          0.          0.          0.          0.          0.
  0.          0.          0.          0.          0.          0.          0.
  0.          0.          0.          0.01367062  0.          0.          0.
  0.01049099  0.          0.          0.          0.          0.          0.
  0.          0.          0.          0.          0.          0.          0.
  0.          0.          0.05328982  0.          0.          0.          0.
  0.01847227  0.          0.          0.          0.          0.          0.
  0.          0.          0.          0.          0.12409089  0.          0.
  0.05351684  0.          0.06306848  0.          0.01283935  0.          0.
  0.          0.          0.          0.          0.01081121  0.0676025
  0.02695821  0.          0.          0.          0.          0.04366293
  0.          0.03448565  0.          0.          0.          0.          0.
  0.          0.          0.0434487   0.          0.          0.          0.
  0.          0.          0.          0.          0.          0.        ]</hiearchy vector><spliter>
<hiearchy name>food</hiearchy name>
<hiearchy number>4</hiearchy number>
<hiearchy vector>[ 0.01978145  0.          0.          0.          0.0261816   0.02116357
  0.          0.          0.          0.          0.02119562  0.          0.
  0.          0.          0.          0.          0.          0.
  0.28850962  0.01113098  0.08841913  0.          0.          0.          0.
  0.          0.          0.          0.01091334  0.          0.          0.
  0.          0.          0.          0.          0.          0.          0.
  0.          0.          0.          0.          0.02220031  0.04222764
  0.          0.          0.          0.          0.          0.          0.
  0.          0.          0.          0.          0.          0.          0.
  0.          0.          0.          0.          0.          0.          0.011421
  0.          0.          0.          0.          0.02531113  0.          0.
  0.          0.          0.          0.          0.          0.          0.
  0.          0.          0.          0.          0.          0.          0.
  0.          0.          0.          0.          0.          0.          0.
  0.          0.          0.02390592  0.          0.          0.          0.
  0.          0.          0.          0.          0.          0.
  0.06394037  0.          0.          0.02381936  0.          0.02682086
  0.          0.          0.          0.          0.          0.01481853
  0.          0.          0.01964941  0.          0.          0.01242993
  0.          0.          0.          0.          0.          0.          0.
  0.          0.02292368  0.          0.          0.          0.
  0.03668341  0.          0.          0.          0.          0.          0.
  0.          0.          0.          0.01001963]</hiearchy vector><spliter>
<hiearchy name>health</hiearchy name>
<hiearchy number>5</hiearchy number>
<hiearchy vector>[ 0.          0.          0.          0.          0.          0.          0.
  0.          0.          0.          0.          0.          0.          0.
  0.          0.          0.          0.          0.          0.          0.
  0.24785761  0.          0.          0.          0.          0.          0.
  0.          0.01630482  0.02207851  0.          0.          0.          0.
  0.          0.          0.          0.          0.          0.          0.
  0.          0.          0.07503311  0.          0.          0.          0.
  0.02094079  0.          0.          0.          0.          0.01302261
  0.          0.          0.01685507  0.          0.          0.
  0.01233721  0.          0.          0.          0.          0.          0.
  0.          0.          0.          0.          0.          0.          0.
  0.          0.          0.          0.          0.          0.          0.
  0.          0.          0.          0.          0.          0.          0.
  0.          0.          0.          0.          0.          0.          0.
  0.          0.33624952  0.          0.          0.          0.          0.
  0.          0.          0.          0.          0.          0.01320322
  0.          0.          0.          0.          0.02018442  0.          0.
  0.          0.01182538  0.          0.          0.          0.          0.
  0.          0.          0.          0.          0.          0.
  0.01255025  0.          0.          0.          0.          0.          0.
  0.          0.          0.          0.0547784   0.          0.          0.
  0.          0.          0.          0.          0.          0.          0.        ]</hiearchy vector><spliter>
<hiearchy name>history</hiearchy name>
<hiearchy number>6</hiearchy number>
<hiearchy vector>[ 0.          0.          0.          0.          0.          0.          0.
  0.          0.          0.          0.          0.          0.          0.
  0.          0.          0.          0.          0.          0.          0.
  0.13568402  0.          0.          0.          0.          0.          0.
  0.          0.          0.          0.          0.          0.          0.
  0.          0.          0.          0.          0.          0.          0.
  0.          0.          0.          0.          0.          0.          0.
  0.          0.          0.          0.          0.          0.          0.
  0.          0.          0.          0.01041468  0.          0.          0.
  0.          0.          0.          0.          0.          0.
  0.02105615  0.          0.28963814  0.          0.          0.          0.
  0.          0.          0.          0.          0.          0.          0.
  0.          0.          0.          0.          0.          0.          0.
  0.          0.          0.          0.          0.          0.          0.
  0.          0.          0.          0.          0.          0.          0.
  0.02877418  0.          0.          0.          0.          0.          0.
  0.          0.          0.02342859  0.          0.          0.01046808
  0.          0.          0.          0.03856039  0.          0.
  0.04136865  0.04218863  0.          0.          0.          0.
  0.08372574  0.          0.          0.          0.          0.          0.
  0.          0.          0.          0.12037833  0.          0.          0.
  0.          0.          0.          0.          0.          0.
  0.01303418]</hiearchy vector><spliter>
<hiearchy name>law</hiearchy name>
<hiearchy number>7</hiearchy number>
<hiearchy vector>[ 0.          0.          0.          0.          0.          0.          0.
  0.          0.          0.          0.          0.          0.          0.
  0.          0.          0.          0.          0.          0.          0.
  0.          0.          0.          0.          0.          0.          0.
  0.          0.27039514  0.          0.          0.          0.          0.
  0.          0.          0.          0.          0.          0.          0.
  0.          0.          0.          0.          0.          0.          0.
  0.          0.          0.          0.          0.01441819  0.          0.
  0.          0.          0.          0.          0.          0.          0.
  0.          0.          0.          0.          0.          0.
  0.01920105  0.          0.06723546  0.          0.          0.          0.
  0.          0.          0.          0.          0.          0.          0.
  0.          0.          0.02217991  0.          0.          0.          0.
  0.          0.          0.          0.          0.          0.
  0.01209938  0.          0.          0.          0.          0.          0.
  0.          0.          0.          0.          0.          0.02433851
  0.          0.          0.          0.          0.03840436  0.          0.
  0.          0.          0.          0.          0.          0.          0.
  0.01196892  0.02116416  0.          0.          0.          0.
  0.01603446  0.          0.          0.          0.          0.          0.
  0.02922569  0.09406395  0.01799205  0.0685119   0.03697398  0.          0.
  0.          0.          0.          0.          0.          0.          0.0190559 ]</hiearchy vector><spliter>
<hiearchy name>movie</hiearchy name>
<hiearchy number>8</hiearchy number>
<hiearchy vector>[ 0.          0.          0.          0.          0.          0.          0.
  0.          0.          0.          0.          0.          0.          0.
  0.          0.          0.          0.          0.          0.          0.
  0.02167543  0.          0.          0.          0.          0.          0.
  0.          0.          0.          0.          0.          0.          0.
  0.          0.          0.          0.          0.          0.
  0.03267959  0.          0.          0.          0.          0.          0.
  0.          0.          0.          0.          0.          0.          0.
  0.          0.          0.01807383  0.          0.          0.          0.
  0.          0.          0.          0.          0.          0.          0.
  0.          0.          0.01146854  0.01004198  0.          0.          0.
  0.          0.          0.          0.          0.          0.          0.
  0.          0.          0.          0.          0.02174948  0.
  0.04486948  0.          0.01017886  0.          0.          0.
  0.01559108  0.          0.          0.01184262  0.          0.          0.
  0.          0.          0.          0.          0.          0.          0.
  0.          0.          0.03895839  0.01304796  0.0784362   0.          0.
  0.          0.          0.          0.          0.          0.          0.
  0.          0.01262262  0.          0.          0.          0.
  0.01307038  0.          0.          0.01143127  0.          0.          0.
  0.          0.          0.          0.15065104  0.          0.          0.
  0.          0.348369    0.          0.          0.          0.          0.        ]</hiearchy vector><spliter>
<hiearchy name>politics</hiearchy name>
<hiearchy number>9</hiearchy number>
<hiearchy vector>[ 0.          0.          0.          0.          0.          0.          0.
  0.          0.          0.          0.          0.          0.          0.
  0.          0.          0.          0.          0.02994354  0.          0.
  0.04062275  0.          0.          0.          0.          0.          0.
  0.          0.04405713  0.          0.          0.          0.          0.
  0.          0.          0.01345148  0.          0.          0.          0.
  0.          0.          0.          0.          0.01974642  0.          0.
  0.          0.          0.          0.          0.02975607  0.          0.
  0.          0.          0.          0.          0.          0.          0.
  0.          0.          0.          0.          0.          0.
  0.01294317  0.          0.07275755  0.01373004  0.          0.          0.
  0.01175981  0.          0.          0.          0.          0.          0.
  0.          0.          0.          0.          0.          0.          0.
  0.          0.          0.          0.          0.          0.          0.
  0.01423054  0.          0.          0.          0.          0.          0.
  0.          0.          0.          0.          0.02023935  0.          0.
  0.          0.          0.01589041  0.          0.          0.01336609
  0.          0.          0.          0.          0.          0.
  0.03133501  0.04640891  0.          0.          0.          0.          0.0542591
  0.          0.          0.01258576  0.          0.          0.
  0.16341677  0.01517087  0.01169146  0.0668368   0.11309981  0.          0.
  0.          0.          0.          0.          0.          0.
  0.04573293]</hiearchy vector><spliter>
<hiearchy name>science</hiearchy name>
<hiearchy number>10</hiearchy number>
<hiearchy vector>[ 0.          0.          0.          0.          0.          0.          0.
  0.          0.          0.          0.          0.          0.          0.
  0.          0.          0.          0.          0.          0.          0.
  0.34018123  0.          0.          0.          0.          0.          0.
  0.          0.01934144  0.          0.          0.          0.          0.
  0.          0.          0.          0.          0.          0.          0.
  0.          0.          0.          0.          0.          0.          0.
  0.          0.          0.          0.          0.          0.          0.
  0.          0.          0.          0.          0.          0.          0.
  0.          0.          0.          0.          0.          0.          0.
  0.          0.03459699  0.          0.          0.          0.          0.
  0.          0.          0.          0.          0.          0.          0.
  0.          0.          0.          0.01151347  0.          0.          0.
  0.          0.          0.          0.          0.          0.          0.
  0.          0.          0.          0.          0.          0.          0.
  0.          0.          0.          0.          0.          0.          0.
  0.          0.03711136  0.          0.          0.          0.          0.
  0.          0.01234271  0.          0.01056702  0.03968321  0.0710855   0.
  0.          0.          0.          0.04550548  0.          0.          0.
  0.          0.          0.          0.          0.          0.
  0.17068031  0.          0.          0.          0.          0.          0.
  0.          0.          0.          0.01092542]</hiearchy vector><spliter>
<hiearchy name>sport</hiearchy name>
<hiearchy number>11</hiearchy number>
<hiearchy vector>[ 0.          0.          0.          0.          0.          0.          0.
  0.          0.          0.          0.          0.          0.          0.
  0.          0.          0.          0.          0.01431884  0.          0.0158602
  0.04094006  0.          0.          0.          0.          0.          0.
  0.          0.04169907  0.          0.          0.          0.          0.
  0.          0.          0.          0.          0.          0.          0.
  0.          0.          0.          0.          0.          0.
  0.01551707  0.          0.          0.          0.          0.          0.
  0.          0.          0.          0.          0.0882376   0.          0.
  0.01193034  0.23951781  0.          0.          0.          0.          0.
  0.          0.          0.01460204  0.03401207  0.          0.          0.
  0.          0.          0.          0.          0.          0.          0.
  0.          0.          0.          0.          0.01745854  0.          0.
  0.          0.          0.          0.          0.          0.          0.
  0.          0.          0.          0.          0.          0.          0.
  0.          0.          0.          0.          0.          0.          0.
  0.01855191  0.          0.01620283  0.          0.          0.          0.
  0.          0.          0.          0.          0.          0.
  0.05710627  0.          0.          0.          0.          0.01013059
  0.          0.          0.          0.          0.          0.          0.
  0.0127285   0.          0.08107457  0.          0.          0.
  0.02820051  0.          0.          0.          0.03069717  0.
  0.01029321]</hiearchy vector><spliter>
<hiearchy name>technology</hiearchy name>
<hiearchy number>12</hiearchy number>
<hiearchy vector>[ 0.          0.          0.          0.          0.          0.01517422
  0.          0.01383513  0.          0.          0.01003444  0.          0.
  0.          0.          0.          0.          0.          0.          0.
  0.          0.13385533  0.          0.          0.          0.          0.
  0.          0.          0.          0.          0.          0.          0.
  0.          0.          0.          0.          0.          0.          0.
  0.          0.          0.          0.          0.          0.01390857
  0.          0.          0.          0.          0.          0.          0.
  0.          0.          0.          0.          0.          0.          0.
  0.          0.          0.          0.          0.          0.01256312
  0.          0.          0.          0.          0.05818779  0.          0.
  0.          0.          0.          0.          0.          0.          0.
  0.          0.          0.          0.          0.          0.
  0.14428954  0.          0.          0.          0.          0.          0.
  0.          0.          0.          0.          0.          0.          0.
  0.          0.          0.          0.          0.          0.          0.
  0.0247865   0.          0.          0.          0.          0.08976755
  0.          0.01682139  0.          0.          0.          0.          0.
  0.          0.02624674  0.01102567  0.02473284  0.          0.          0.
  0.          0.03740055  0.          0.          0.          0.          0.
  0.          0.          0.          0.          0.13658641  0.          0.
  0.          0.          0.          0.          0.          0.          0.
  0.        ]</hiearchy vector><spliter>
